	18.0	8.	307.0	130.0	3504.	12.0	70.	1.	chevrolet chevelle malibu
0	15.0	8.0	350.0	165.0	3693.0	11.5	70.0	1.0	buick skylark 320
1	18.0	8.0	318.0	150.0	3436.0	11.0	70.0	1.0	plymouth satellite
2	16.0	8.0	304.0	150.0	3433.0	12.0	70.0	1.0	amc rebel sst
3	17.0	8.0	302.0	140.0	3449.0	10.5	70.0	1.0	ford torino
4	15.0	8.0	429.0	198.0	4341.0	10.0	70.0	1.0	ford galaxie 500
5	14.0	8.0	454.0	220.0	4354.0	9.0	70.0	1.0	chevrolet impala
6	14.0	8.0	440.0	215.0	4312.0	8.5	70.0	1.0	plymouth fury iii
7	14.0	8.0	455.0	225.0	4425.0	10.0	70.0	1.0	pontiac catalina
8	15.0	8.0	390.0	190.0	3850.0	8.5	70.0	1.0	amc ambassador dpl
9		4.0	133.0	115.0	3090.0	17.5	70.0	2.0	citroen ds-21 pallas
10		8.0	350.0	165.0	4142.0	11.5	70.0	1.0	chevrolet chevelle concours (sw)
11		8.0	351.0	153.0	4034.0	11.0	70.0	1.0	ford torino (sw)
12		8.0	383.0	175.0	4166.0	10.5	70.0	1.0	plymouth satellite (sw)
13		8.0	360.0	175.0	3850.0	11.0	70.0	1.0	amc rebel sst (sw)
14	15.0	8.0	383.0	170.0	3563.0	10.0	70.0	1.0	dodge challenger se
15	14.0	8.0	340.0	160.0	3609.0	8.0	70.0	1.0	plymouth 'cuda 340
16		8.0	302.0	140.0	3353.0	8.0	70.0	1.0	ford mustang boss 302
17	15.0	8.0	400.0	150.0	3761.0	9.5	70.0	1.0	chevrolet monte carlo
18	14.0	8.0	455.0	225.0	3086.0	10.0	70.0	1.0	buick estate wagon (sw)
19	24.0	4.0	113.0	95.0	2372.0	15.0	70.0	3.0	toyota corona mark ii
20	22.0	6.0	198.0	95.0	2833.0	15.5	70.0	1.0	plymouth duster
21	18.0	6.0	199.0	97.0	2774.0	15.5	70.0	1.0	amc hornet
22	21.0	6.0	200.0	85.0	2587.0	16.0	70.0	1.0	ford maverick
23	27.0	4.0	97.0	88.0	2130.0	14.5	70.0	3.0	datsun pl510
24	26.0	4.0	97.0	46.0	1835.0	20.5	70.0	2.0	volkswagen 1131 deluxe sedan
25	25.0	4.0	110.0	87.0	2672.0	17.5	70.0	2.0	peugeot 504
26	24.0	4.0	107.0	90.0	2430.0	14.5	70.0	2.0	audi 100 ls
27	25.0	4.0	104.0	95.0	2375.0	17.5	70.0	2.0	saab 99e
28	26.0	4.0	121.0	113.0	2234.0	12.5	70.0	2.0	bmw 2002
29	21.0	6.0	199.0	90.0	2648.0	15.0	70.0	1.0	amc gremlin
30	10.0	8.0	360.0	215.0	4615.0	14.0	70.0	1.0	ford f250
31	10.0	8.0	307.0	200.0	4376.0	15.0	70.0	1.0	chevy c20
32	11.0	8.0	318.0	210.0	4382.0	13.5	70.0	1.0	dodge d200
33	9.0	8.0	304.0	193.0	4732.0	18.5	70.0	1.0	hi 1200d
34	27.0	4.0	97.0	88.0	2130.0	14.5	71.0	3.0	datsun pl510
35	28.0	4.0	140.0	90.0	2264.0	15.5	71.0	1.0	chevrolet vega 2300
36	25.0	4.0	113.0	95.0	2228.0	14.0	71.0	3.0	toyota corona
37	25.0	4.0	98.0		2046.0	19.0	71.0	1.0	ford pinto
38		4.0	97.0	48.0	1978.0	20.0	71.0	2.0	volkswagen super beetle 117
39	19.0	6.0	232.0	100.0	2634.0	13.0	71.0	1.0	amc gremlin
40	16.0	6.0	225.0	105.0	3439.0	15.5	71.0	1.0	plymouth satellite custom
41	17.0	6.0	250.0	100.0	3329.0	15.5	71.0	1.0	chevrolet chevelle malibu
42	19.0	6.0	250.0	88.0	3302.0	15.5	71.0	1.0	ford torino 500
43	18.0	6.0	232.0	100.0	3288.0	15.5	71.0	1.0	amc matador
44	14.0	8.0	350.0	165.0	4209.0	12.0	71.0	1.0	chevrolet impala
45	14.0	8.0	400.0	175.0	4464.0	11.5	71.0	1.0	pontiac catalina brougham
46	14.0	8.0	351.0	153.0	4154.0	13.5	71.0	1.0	ford galaxie 500
47	14.0	8.0	318.0	150.0	4096.0	13.0	71.0	1.0	plymouth fury iii
48	12.0	8.0	383.0	180.0	4955.0	11.5	71.0	1.0	dodge monaco (sw)
49	13.0	8.0	400.0	170.0	4746.0	12.0	71.0	1.0	ford country squire (sw)
50	13.0	8.0	400.0	175.0	5140.0	12.0	71.0	1.0	pontiac safari (sw)
51	18.0	6.0	258.0	110.0	2962.0	13.5	71.0	1.0	amc hornet sportabout (sw)
52	22.0	4.0	140.0	72.0	2408.0	19.0	71.0	1.0	chevrolet vega (sw)
53	19.0	6.0	250.0	100.0	3282.0	15.0	71.0	1.0	pontiac firebird
54	18.0	6.0	250.0	88.0	3139.0	14.5	71.0	1.0	ford mustang
55	23.0	4.0	122.0	86.0	2220.0	14.0	71.0	1.0	mercury capri 2000
56	28.0	4.0	116.0	90.0	2123.0	14.0	71.0	2.0	opel 1900
57	30.0	4.0	79.0	70.0	2074.0	19.5	71.0	2.0	peugeot 304
58	30.0	4.0	88.0	76.0	2065.0	14.5	71.0	2.0	fiat 124b
59	31.0	4.0	71.0	65.0	1773.0	19.0	71.0	3.0	toyota corolla 1200
60	35.0	4.0	72.0	69.0	1613.0	18.0	71.0	3.0	datsun 1200
61	27.0	4.0	97.0	60.0	1834.0	19.0	71.0	2.0	volkswagen model 111
62	26.0	4.0	91.0	70.0	1955.0	20.5	71.0	1.0	plymouth cricket
63	24.0	4.0	113.0	95.0	2278.0	15.5	72.0	3.0	toyota corona hardtop
64	25.0	4.0	97.5	80.0	2126.0	17.0	72.0	1.0	dodge colt hardtop
65	23.0	4.0	97.0	54.0	2254.0	23.5	72.0	2.0	volkswagen type 3
66	20.0	4.0	140.0	90.0	2408.0	19.5	72.0	1.0	chevrolet vega
67	21.0	4.0	122.0	86.0	2226.0	16.5	72.0	1.0	ford pinto runabout
68	13.0	8.0	350.0	165.0	4274.0	12.0	72.0	1.0	chevrolet impala
69	14.0	8.0	400.0	175.0	4385.0	12.0	72.0	1.0	pontiac catalina
70	15.0	8.0	318.0	150.0	4135.0	13.5	72.0	1.0	plymouth fury iii
71	14.0	8.0	351.0	153.0	4129.0	13.0	72.0	1.0	ford galaxie 500
72	17.0	8.0	304.0	150.0	3672.0	11.5	72.0	1.0	amc ambassador sst
73	11.0	8.0	429.0	208.0	4633.0	11.0	72.0	1.0	mercury marquis
74	13.0	8.0	350.0	155.0	4502.0	13.5	72.0	1.0	buick lesabre custom
75	12.0	8.0	350.0	160.0	4456.0	13.5	72.0	1.0	oldsmobile delta 88 royale
76	13.0	8.0	400.0	190.0	4422.0	12.5	72.0	1.0	chrysler newport royal
77	19.0	3.0	70.0	97.0	2330.0	13.5	72.0	3.0	mazda rx2 coupe
78	15.0	8.0	304.0	150.0	3892.0	12.5	72.0	1.0	amc matador (sw)
79	13.0	8.0	307.0	130.0	4098.0	14.0	72.0	1.0	chevrolet chevelle concours (sw)
80	13.0	8.0	302.0	140.0	4294.0	16.0	72.0	1.0	ford gran torino (sw)
81	14.0	8.0	318.0	150.0	4077.0	14.0	72.0	1.0	plymouth satellite custom (sw)
82	18.0	4.0	121.0	112.0	2933.0	14.5	72.0	2.0	volvo 145e (sw)
83	22.0	4.0	121.0	76.0	2511.0	18.0	72.0	2.0	volkswagen 411 (sw)
84	21.0	4.0	120.0	87.0	2979.0	19.5	72.0	2.0	peugeot 504 (sw)
85	26.0	4.0	96.0	69.0	2189.0	18.0	72.0	2.0	renault 12 (sw)
86	22.0	4.0	122.0	86.0	2395.0	16.0	72.0	1.0	ford pinto (sw)
87	28.0	4.0	97.0	92.0	2288.0	17.0	72.0	3.0	datsun 510 (sw)
88	23.0	4.0	120.0	97.0	2506.0	14.5	72.0	3.0	toyouta corona mark ii (sw)
89	28.0	4.0	98.0	80.0	2164.0	15.0	72.0	1.0	dodge colt (sw)
90	27.0	4.0	97.0	88.0	2100.0	16.5	72.0	3.0	toyota corolla 1600 (sw)
91	13.0	8.0	350.0	175.0	4100.0	13.0	73.0	1.0	buick century 350
92	14.0	8.0	304.0	150.0	3672.0	11.5	73.0	1.0	amc matador
93	13.0	8.0	350.0	145.0	3988.0	13.0	73.0	1.0	chevrolet malibu
94	14.0	8.0	302.0	137.0	4042.0	14.5	73.0	1.0	ford gran torino
95	15.0	8.0	318.0	150.0	3777.0	12.5	73.0	1.0	dodge coronet custom
96	12.0	8.0	429.0	198.0	4952.0	11.5	73.0	1.0	mercury marquis brougham
97	13.0	8.0	400.0	150.0	4464.0	12.0	73.0	1.0	chevrolet caprice classic
98	13.0	8.0	351.0	158.0	4363.0	13.0	73.0	1.0	ford ltd
99	14.0	8.0	318.0	150.0	4237.0	14.5	73.0	1.0	plymouth fury gran sedan
100	13.0	8.0	440.0	215.0	4735.0	11.0	73.0	1.0	chrysler new yorker brougham
101	12.0	8.0	455.0	225.0	4951.0	11.0	73.0	1.0	buick electra 225 custom
102	13.0	8.0	360.0	175.0	3821.0	11.0	73.0	1.0	amc ambassador brougham
103	18.0	6.0	225.0	105.0	3121.0	16.5	73.0	1.0	plymouth valiant
104	16.0	6.0	250.0	100.0	3278.0	18.0	73.0	1.0	chevrolet nova custom
105	18.0	6.0	232.0	100.0	2945.0	16.0	73.0	1.0	amc hornet
106	18.0	6.0	250.0	88.0	3021.0	16.5	73.0	1.0	ford maverick
107	23.0	6.0	198.0	95.0	2904.0	16.0	73.0	1.0	plymouth duster
108	26.0	4.0	97.0	46.0	1950.0	21.0	73.0	2.0	volkswagen super beetle
109	11.0	8.0	400.0	150.0	4997.0	14.0	73.0	1.0	chevrolet impala
110	12.0	8.0	400.0	167.0	4906.0	12.5	73.0	1.0	ford country
111	13.0	8.0	360.0	170.0	4654.0	13.0	73.0	1.0	plymouth custom suburb
112	12.0	8.0	350.0	180.0	4499.0	12.5	73.0	1.0	oldsmobile vista cruiser
113	18.0	6.0	232.0	100.0	2789.0	15.0	73.0	1.0	amc gremlin
114	20.0	4.0	97.0	88.0	2279.0	19.0	73.0	3.0	toyota carina
115	21.0	4.0	140.0	72.0	2401.0	19.5	73.0	1.0	chevrolet vega
116	22.0	4.0	108.0	94.0	2379.0	16.5	73.0	3.0	datsun 610
117	18.0	3.0	70.0	90.0	2124.0	13.5	73.0	3.0	maxda rx3
118	19.0	4.0	122.0	85.0	2310.0	18.5	73.0	1.0	ford pinto
119	21.0	6.0	155.0	107.0	2472.0	14.0	73.0	1.0	mercury capri v6
120	26.0	4.0	98.0	90.0	2265.0	15.5	73.0	2.0	fiat 124 sport coupe
121	15.0	8.0	350.0	145.0	4082.0	13.0	73.0	1.0	chevrolet monte carlo s
122	16.0	8.0	400.0	230.0	4278.0	9.5	73.0	1.0	pontiac grand prix
123	29.0	4.0	68.0	49.0	1867.0	19.5	73.0	2.0	fiat 128
124	24.0	4.0	116.0	75.0	2158.0	15.5	73.0	2.0	opel manta
125	20.0	4.0	114.0	91.0	2582.0	14.0	73.0	2.0	audi 100ls
126	19.0	4.0	121.0	112.0	2868.0	15.5	73.0	2.0	volvo 144ea
127	15.0	8.0	318.0	150.0	3399.0	11.0	73.0	1.0	dodge dart custom
128	24.0	4.0	121.0	110.0	2660.0	14.0	73.0	2.0	saab 99le
129	20.0	6.0	156.0	122.0	2807.0	13.5	73.0	3.0	toyota mark ii
130	11.0	8.0	350.0	180.0	3664.0	11.0	73.0	1.0	oldsmobile omega
131	20.0	6.0	198.0	95.0	3102.0	16.5	74.0	1.0	plymouth duster
132	21.0	6.0	200.0		2875.0	17.0	74.0	1.0	ford maverick
133	19.0	6.0	232.0	100.0	2901.0	16.0	74.0	1.0	amc hornet
134	15.0	6.0	250.0	100.0	3336.0	17.0	74.0	1.0	chevrolet nova
135	31.0	4.0	79.0	67.0	1950.0	19.0	74.0	3.0	datsun b210
136	26.0	4.0	122.0	80.0	2451.0	16.5	74.0	1.0	ford pinto
137	32.0	4.0	71.0	65.0	1836.0	21.0	74.0	3.0	toyota corolla 1200
138	25.0	4.0	140.0	75.0	2542.0	17.0	74.0	1.0	chevrolet vega
139	16.0	6.0	250.0	100.0	3781.0	17.0	74.0	1.0	chevrolet chevelle malibu classic
140	16.0	6.0	258.0	110.0	3632.0	18.0	74.0	1.0	amc matador
141	18.0	6.0	225.0	105.0	3613.0	16.5	74.0	1.0	plymouth satellite sebring
142	16.0	8.0	302.0	140.0	4141.0	14.0	74.0	1.0	ford gran torino
143	13.0	8.0	350.0	150.0	4699.0	14.5	74.0	1.0	buick century luxus (sw)
144	14.0	8.0	318.0	150.0	4457.0	13.5	74.0	1.0	dodge coronet custom (sw)
145	14.0	8.0	302.0	140.0	4638.0	16.0	74.0	1.0	ford gran torino (sw)
146	14.0	8.0	304.0	150.0	4257.0	15.5	74.0	1.0	amc matador (sw)
147	29.0	4.0	98.0	83.0	2219.0	16.5	74.0	2.0	audi fox
148	26.0	4.0	79.0	67.0	1963.0	15.5	74.0	2.0	volkswagen dasher
149	26.0	4.0	97.0	78.0	2300.0	14.5	74.0	2.0	opel manta
150	31.0	4.0	76.0	52.0	1649.0	16.5	74.0	3.0	toyota corona
151	32.0	4.0	83.0	61.0	2003.0	19.0	74.0	3.0	datsun 710
152	28.0	4.0	90.0	75.0	2125.0	14.5	74.0	1.0	dodge colt
153	24.0	4.0	90.0	75.0	2108.0	15.5	74.0	2.0	fiat 128
154	26.0	4.0	116.0	75.0	2246.0	14.0	74.0	2.0	fiat 124 tc
155	24.0	4.0	120.0	97.0	2489.0	15.0	74.0	3.0	honda civic
156	26.0	4.0	108.0	93.0	2391.0	15.5	74.0	3.0	subaru
157	31.0	4.0	79.0	67.0	2000.0	16.0	74.0	2.0	fiat x1.9
158	19.0	6.0	225.0	95.0	3264.0	16.0	75.0	1.0	plymouth valiant custom
159	18.0	6.0	250.0	105.0	3459.0	16.0	75.0	1.0	chevrolet nova
160	15.0	6.0	250.0	72.0	3432.0	21.0	75.0	1.0	mercury monarch
161	15.0	6.0	250.0	72.0	3158.0	19.5	75.0	1.0	ford maverick
162	16.0	8.0	400.0	170.0	4668.0	11.5	75.0	1.0	pontiac catalina
163	15.0	8.0	350.0	145.0	4440.0	14.0	75.0	1.0	chevrolet bel air
164	16.0	8.0	318.0	150.0	4498.0	14.5	75.0	1.0	plymouth grand fury
165	14.0	8.0	351.0	148.0	4657.0	13.5	75.0	1.0	ford ltd
166	17.0	6.0	231.0	110.0	3907.0	21.0	75.0	1.0	buick century
167	16.0	6.0	250.0	105.0	3897.0	18.5	75.0	1.0	chevroelt chevelle malibu
168	15.0	6.0	258.0	110.0	3730.0	19.0	75.0	1.0	amc matador
169	18.0	6.0	225.0	95.0	3785.0	19.0	75.0	1.0	plymouth fury
170	21.0	6.0	231.0	110.0	3039.0	15.0	75.0	1.0	buick skyhawk
171	20.0	8.0	262.0	110.0	3221.0	13.5	75.0	1.0	chevrolet monza 2+2
172	13.0	8.0	302.0	129.0	3169.0	12.0	75.0	1.0	ford mustang ii
173	29.0	4.0	97.0	75.0	2171.0	16.0	75.0	3.0	toyota corolla
174	23.0	4.0	140.0	83.0	2639.0	17.0	75.0	1.0	ford pinto
175	20.0	6.0	232.0	100.0	2914.0	16.0	75.0	1.0	amc gremlin
176	23.0	4.0	140.0	78.0	2592.0	18.5	75.0	1.0	pontiac astro
177	24.0	4.0	134.0	96.0	2702.0	13.5	75.0	3.0	toyota corona
178	25.0	4.0	90.0	71.0	2223.0	16.5	75.0	2.0	volkswagen dasher
179	24.0	4.0	119.0	97.0	2545.0	17.0	75.0	3.0	datsun 710
180	18.0	6.0	171.0	97.0	2984.0	14.5	75.0	1.0	ford pinto
181	29.0	4.0	90.0	70.0	1937.0	14.0	75.0	2.0	volkswagen rabbit
182	19.0	6.0	232.0	90.0	3211.0	17.0	75.0	1.0	amc pacer
183	23.0	4.0	115.0	95.0	2694.0	15.0	75.0	2.0	audi 100ls
184	23.0	4.0	120.0	88.0	2957.0	17.0	75.0	2.0	peugeot 504
185	22.0	4.0	121.0	98.0	2945.0	14.5	75.0	2.0	volvo 244dl
186	25.0	4.0	121.0	115.0	2671.0	13.5	75.0	2.0	saab 99le
187	33.0	4.0	91.0	53.0	1795.0	17.5	75.0	3.0	honda civic cvcc
188	28.0	4.0	107.0	86.0	2464.0	15.5	76.0	2.0	fiat 131
189	25.0	4.0	116.0	81.0	2220.0	16.9	76.0	2.0	opel 1900
190	25.0	4.0	140.0	92.0	2572.0	14.9	76.0	1.0	capri ii
191	26.0	4.0	98.0	79.0	2255.0	17.7	76.0	1.0	dodge colt
192	27.0	4.0	101.0	83.0	2202.0	15.3	76.0	2.0	renault 12tl
193	17.5	8.0	305.0	140.0	4215.0	13.0	76.0	1.0	chevrolet chevelle malibu classic
194	16.0	8.0	318.0	150.0	4190.0	13.0	76.0	1.0	dodge coronet brougham
195	15.5	8.0	304.0	120.0	3962.0	13.9	76.0	1.0	amc matador
196	14.5	8.0	351.0	152.0	4215.0	12.8	76.0	1.0	ford gran torino
197	22.0	6.0	225.0	100.0	3233.0	15.4	76.0	1.0	plymouth valiant
198	22.0	6.0	250.0	105.0	3353.0	14.5	76.0	1.0	chevrolet nova
199	24.0	6.0	200.0	81.0	3012.0	17.6	76.0	1.0	ford maverick
200	22.5	6.0	232.0	90.0	3085.0	17.6	76.0	1.0	amc hornet
201	29.0	4.0	85.0	52.0	2035.0	22.2	76.0	1.0	chevrolet chevette
202	24.5	4.0	98.0	60.0	2164.0	22.1	76.0	1.0	chevrolet woody
203	29.0	4.0	90.0	70.0	1937.0	14.2	76.0	2.0	vw rabbit
204	33.0	4.0	91.0	53.0	1795.0	17.4	76.0	3.0	honda civic
205	20.0	6.0	225.0	100.0	3651.0	17.7	76.0	1.0	dodge aspen se
206	18.0	6.0	250.0	78.0	3574.0	21.0	76.0	1.0	ford granada ghia
207	18.5	6.0	250.0	110.0	3645.0	16.2	76.0	1.0	pontiac ventura sj
208	17.5	6.0	258.0	95.0	3193.0	17.8	76.0	1.0	amc pacer d/l
209	29.5	4.0	97.0	71.0	1825.0	12.2	76.0	2.0	volkswagen rabbit
210	32.0	4.0	85.0	70.0	1990.0	17.0	76.0	3.0	datsun b-210
211	28.0	4.0	97.0	75.0	2155.0	16.4	76.0	3.0	toyota corolla
212	26.5	4.0	140.0	72.0	2565.0	13.6	76.0	1.0	ford pinto
213	20.0	4.0	130.0	102.0	3150.0	15.7	76.0	2.0	volvo 245
214	13.0	8.0	318.0	150.0	3940.0	13.2	76.0	1.0	plymouth volare premier v8
215	19.0	4.0	120.0	88.0	3270.0	21.9	76.0	2.0	peugeot 504
216	19.0	6.0	156.0	108.0	2930.0	15.5	76.0	3.0	toyota mark ii
217	16.5	6.0	168.0	120.0	3820.0	16.7	76.0	2.0	mercedes-benz 280s
218	16.5	8.0	350.0	180.0	4380.0	12.1	76.0	1.0	cadillac seville
219	13.0	8.0	350.0	145.0	4055.0	12.0	76.0	1.0	chevy c10
220	13.0	8.0	302.0	130.0	3870.0	15.0	76.0	1.0	ford f108
221	13.0	8.0	318.0	150.0	3755.0	14.0	76.0	1.0	dodge d100
222	31.5	4.0	98.0	68.0	2045.0	18.5	77.0	3.0	honda accord cvcc
223	30.0	4.0	111.0	80.0	2155.0	14.8	77.0	1.0	buick opel isuzu deluxe
224	36.0	4.0	79.0	58.0	1825.0	18.6	77.0	2.0	renault 5 gtl
225	25.5	4.0	122.0	96.0	2300.0	15.5	77.0	1.0	plymouth arrow gs
226	33.5	4.0	85.0	70.0	1945.0	16.8	77.0	3.0	datsun f-10 hatchback
227	17.5	8.0	305.0	145.0	3880.0	12.5	77.0	1.0	chevrolet caprice classic
228	17.0	8.0	260.0	110.0	4060.0	19.0	77.0	1.0	oldsmobile cutlass supreme
229	15.5	8.0	318.0	145.0	4140.0	13.7	77.0	1.0	dodge monaco brougham
230	15.0	8.0	302.0	130.0	4295.0	14.9	77.0	1.0	mercury cougar brougham
231	17.5	6.0	250.0	110.0	3520.0	16.4	77.0	1.0	chevrolet concours
232	20.5	6.0	231.0	105.0	3425.0	16.9	77.0	1.0	buick skylark
233	19.0	6.0	225.0	100.0	3630.0	17.7	77.0	1.0	plymouth volare custom
234	18.5	6.0	250.0	98.0	3525.0	19.0	77.0	1.0	ford granada
235	16.0	8.0	400.0	180.0	4220.0	11.1	77.0	1.0	pontiac grand prix lj
236	15.5	8.0	350.0	170.0	4165.0	11.4	77.0	1.0	chevrolet monte carlo landau
237	15.5	8.0	400.0	190.0	4325.0	12.2	77.0	1.0	chrysler cordoba
238	16.0	8.0	351.0	149.0	4335.0	14.5	77.0	1.0	ford thunderbird
239	29.0	4.0	97.0	78.0	1940.0	14.5	77.0	2.0	volkswagen rabbit custom
240	24.5	4.0	151.0	88.0	2740.0	16.0	77.0	1.0	pontiac sunbird coupe
241	26.0	4.0	97.0	75.0	2265.0	18.2	77.0	3.0	toyota corolla liftback
242	25.5	4.0	140.0	89.0	2755.0	15.8	77.0	1.0	ford mustang ii 2+2
243	30.5	4.0	98.0	63.0	2051.0	17.0	77.0	1.0	chevrolet chevette
244	33.5	4.0	98.0	83.0	2075.0	15.9	77.0	1.0	dodge colt m/m
245	30.0	4.0	97.0	67.0	1985.0	16.4	77.0	3.0	subaru dl
246	30.5	4.0	97.0	78.0	2190.0	14.1	77.0	2.0	volkswagen dasher
247	22.0	6.0	146.0	97.0	2815.0	14.5	77.0	3.0	datsun 810
248	21.5	4.0	121.0	110.0	2600.0	12.8	77.0	2.0	bmw 320i
249	21.5	3.0	80.0	110.0	2720.0	13.5	77.0	3.0	mazda rx-4
250	43.1	4.0	90.0	48.0	1985.0	21.5	78.0	2.0	volkswagen rabbit custom diesel
251	36.1	4.0	98.0	66.0	1800.0	14.4	78.0	1.0	ford fiesta
252	32.8	4.0	78.0	52.0	1985.0	19.4	78.0	3.0	mazda glc deluxe
253	39.4	4.0	85.0	70.0	2070.0	18.6	78.0	3.0	datsun b210 gx
254	36.1	4.0	91.0	60.0	1800.0	16.4	78.0	3.0	honda civic cvcc
255	19.9	8.0	260.0	110.0	3365.0	15.5	78.0	1.0	oldsmobile cutlass salon brougham
256	19.4	8.0	318.0	140.0	3735.0	13.2	78.0	1.0	dodge diplomat
257	20.2	8.0	302.0	139.0	3570.0	12.8	78.0	1.0	mercury monarch ghia
258	19.2	6.0	231.0	105.0	3535.0	19.2	78.0	1.0	pontiac phoenix lj
259	20.5	6.0	200.0	95.0	3155.0	18.2	78.0	1.0	chevrolet malibu
260	20.2	6.0	200.0	85.0	2965.0	15.8	78.0	1.0	ford fairmont (auto)
261	25.1	4.0	140.0	88.0	2720.0	15.4	78.0	1.0	ford fairmont (man)
262	20.5	6.0	225.0	100.0	3430.0	17.2	78.0	1.0	plymouth volare
263	19.4	6.0	232.0	90.0	3210.0	17.2	78.0	1.0	amc concord
264	20.6	6.0	231.0	105.0	3380.0	15.8	78.0	1.0	buick century special
265	20.8	6.0	200.0	85.0	3070.0	16.7	78.0	1.0	mercury zephyr
266	18.6	6.0	225.0	110.0	3620.0	18.7	78.0	1.0	dodge aspen
267	18.1	6.0	258.0	120.0	3410.0	15.1	78.0	1.0	amc concord d/l
268	19.2	8.0	305.0	145.0	3425.0	13.2	78.0	1.0	chevrolet monte carlo landau
269	17.7	6.0	231.0	165.0	3445.0	13.4	78.0	1.0	buick regal sport coupe (turbo)
270	18.1	8.0	302.0	139.0	3205.0	11.2	78.0	1.0	ford futura
271	17.5	8.0	318.0	140.0	4080.0	13.7	78.0	1.0	dodge magnum xe
272	30.0	4.0	98.0	68.0	2155.0	16.5	78.0	1.0	chevrolet chevette
273	27.5	4.0	134.0	95.0	2560.0	14.2	78.0	3.0	toyota corona
274	27.2	4.0	119.0	97.0	2300.0	14.7	78.0	3.0	datsun 510
275	30.9	4.0	105.0	75.0	2230.0	14.5	78.0	1.0	dodge omni
276	21.1	4.0	134.0	95.0	2515.0	14.8	78.0	3.0	toyota celica gt liftback
277	23.2	4.0	156.0	105.0	2745.0	16.7	78.0	1.0	plymouth sapporo
278	23.8	4.0	151.0	85.0	2855.0	17.6	78.0	1.0	oldsmobile starfire sx
279	23.9	4.0	119.0	97.0	2405.0	14.9	78.0	3.0	datsun 200-sx
280	20.3	5.0	131.0	103.0	2830.0	15.9	78.0	2.0	audi 5000
281	17.0	6.0	163.0	125.0	3140.0	13.6	78.0	2.0	volvo 264gl
282	21.6	4.0	121.0	115.0	2795.0	15.7	78.0	2.0	saab 99gle
283	16.2	6.0	163.0	133.0	3410.0	15.8	78.0	2.0	peugeot 604sl
284	31.5	4.0	89.0	71.0	1990.0	14.9	78.0	2.0	volkswagen scirocco
285	29.5	4.0	98.0	68.0	2135.0	16.6	78.0	3.0	honda accord lx
286	21.5	6.0	231.0	115.0	3245.0	15.4	79.0	1.0	pontiac lemans v6
287	19.8	6.0	200.0	85.0	2990.0	18.2	79.0	1.0	mercury zephyr 6
288	22.3	4.0	140.0	88.0	2890.0	17.3	79.0	1.0	ford fairmont 4
289	20.2	6.0	232.0	90.0	3265.0	18.2	79.0	1.0	amc concord dl 6
290	20.6	6.0	225.0	110.0	3360.0	16.6	79.0	1.0	dodge aspen 6
291	17.0	8.0	305.0	130.0	3840.0	15.4	79.0	1.0	chevrolet caprice classic
292	17.6	8.0	302.0	129.0	3725.0	13.4	79.0	1.0	ford ltd landau
293	16.5	8.0	351.0	138.0	3955.0	13.2	79.0	1.0	mercury grand marquis
294	18.2	8.0	318.0	135.0	3830.0	15.2	79.0	1.0	dodge st. regis
295	16.9	8.0	350.0	155.0	4360.0	14.9	79.0	1.0	buick estate wagon (sw)
296	15.5	8.0	351.0	142.0	4054.0	14.3	79.0	1.0	ford country squire (sw)
297	19.2	8.0	267.0	125.0	3605.0	15.0	79.0	1.0	chevrolet malibu classic (sw)
298	18.5	8.0	360.0	150.0	3940.0	13.0	79.0	1.0	chrysler lebaron town @ country (sw)
299	31.9	4.0	89.0	71.0	1925.0	14.0	79.0	2.0	vw rabbit custom
300	34.1	4.0	86.0	65.0	1975.0	15.2	79.0	3.0	maxda glc deluxe
301	35.7	4.0	98.0	80.0	1915.0	14.4	79.0	1.0	dodge colt hatchback custom
302	27.4	4.0	121.0	80.0	2670.0	15.0	79.0	1.0	amc spirit dl
303	25.4	5.0	183.0	77.0	3530.0	20.1	79.0	2.0	mercedes benz 300d
304	23.0	8.0	350.0	125.0	3900.0	17.4	79.0	1.0	cadillac eldorado
305	27.2	4.0	141.0	71.0	3190.0	24.8	79.0	2.0	peugeot 504
306	23.9	8.0	260.0	90.0	3420.0	22.2	79.0	1.0	oldsmobile cutlass salon brougham
307	34.2	4.0	105.0	70.0	2200.0	13.2	79.0	1.0	plymouth horizon
308	34.5	4.0	105.0	70.0	2150.0	14.9	79.0	1.0	plymouth horizon tc3
309	31.8	4.0	85.0	65.0	2020.0	19.2	79.0	3.0	datsun 210
310	37.3	4.0	91.0	69.0	2130.0	14.7	79.0	2.0	fiat strada custom
311	28.4	4.0	151.0	90.0	2670.0	16.0	79.0	1.0	buick skylark limited
312	28.8	6.0	173.0	115.0	2595.0	11.3	79.0	1.0	chevrolet citation
313	26.8	6.0	173.0	115.0	2700.0	12.9	79.0	1.0	oldsmobile omega brougham
314	33.5	4.0	151.0	90.0	2556.0	13.2	79.0	1.0	pontiac phoenix
315	41.5	4.0	98.0	76.0	2144.0	14.7	80.0	2.0	vw rabbit
316	38.1	4.0	89.0	60.0	1968.0	18.8	80.0	3.0	toyota corolla tercel
317	32.1	4.0	98.0	70.0	2120.0	15.5	80.0	1.0	chevrolet chevette
318	37.2	4.0	86.0	65.0	2019.0	16.4	80.0	3.0	datsun 310
319	28.0	4.0	151.0	90.0	2678.0	16.5	80.0	1.0	chevrolet citation
320	26.4	4.0	140.0	88.0	2870.0	18.1	80.0	1.0	ford fairmont
321	24.3	4.0	151.0	90.0	3003.0	20.1	80.0	1.0	amc concord
322	19.1	6.0	225.0	90.0	3381.0	18.7	80.0	1.0	dodge aspen
323	34.3	4.0	97.0	78.0	2188.0	15.8	80.0	2.0	audi 4000
324	29.8	4.0	134.0	90.0	2711.0	15.5	80.0	3.0	toyota corona liftback
325	31.3	4.0	120.0	75.0	2542.0	17.5	80.0	3.0	mazda 626
326	37.0	4.0	119.0	92.0	2434.0	15.0	80.0	3.0	datsun 510 hatchback
327	32.2	4.0	108.0	75.0	2265.0	15.2	80.0	3.0	toyota corolla
328	46.6	4.0	86.0	65.0	2110.0	17.9	80.0	3.0	mazda glc
329	27.9	4.0	156.0	105.0	2800.0	14.4	80.0	1.0	dodge colt
330	40.8	4.0	85.0	65.0	2110.0	19.2	80.0	3.0	datsun 210
331	44.3	4.0	90.0	48.0	2085.0	21.7	80.0	2.0	vw rabbit c (diesel)
332	43.4	4.0	90.0	48.0	2335.0	23.7	80.0	2.0	vw dasher (diesel)
333	36.4	5.0	121.0	67.0	2950.0	19.9	80.0	2.0	audi 5000s (diesel)
334	30.0	4.0	146.0	67.0	3250.0	21.8	80.0	2.0	mercedes-benz 240d
335	44.6	4.0	91.0	67.0	1850.0	13.8	80.0	3.0	honda civic 1500 gl
336	40.9	4.0	85.0		1835.0	17.3	80.0	2.0	renault lecar deluxe
337	33.8	4.0	97.0	67.0	2145.0	18.0	80.0	3.0	subaru dl
338	29.8	4.0	89.0	62.0	1845.0	15.3	80.0	2.0	vokswagen rabbit
339	32.7	6.0	168.0	132.0	2910.0	11.4	80.0	3.0	datsun 280-zx
340	23.7	3.0	70.0	100.0	2420.0	12.5	80.0	3.0	mazda rx-7 gs
341	35.0	4.0	122.0	88.0	2500.0	15.1	80.0	2.0	triumph tr7 coupe
342	23.6	4.0	140.0		2905.0	14.3	80.0	1.0	ford mustang cobra
343	32.4	4.0	107.0	72.0	2290.0	17.0	80.0	3.0	honda accord
344	27.2	4.0	135.0	84.0	2490.0	15.7	81.0	1.0	plymouth reliant
345	26.6	4.0	151.0	84.0	2635.0	16.4	81.0	1.0	buick skylark
346	25.8	4.0	156.0	92.0	2620.0	14.4	81.0	1.0	dodge aries wagon (sw)
347	23.5	6.0	173.0	110.0	2725.0	12.6	81.0	1.0	chevrolet citation
348	30.0	4.0	135.0	84.0	2385.0	12.9	81.0	1.0	plymouth reliant
349	39.1	4.0	79.0	58.0	1755.0	16.9	81.0	3.0	toyota starlet
350	39.0	4.0	86.0	64.0	1875.0	16.4	81.0	1.0	plymouth champ
351	35.1	4.0	81.0	60.0	1760.0	16.1	81.0	3.0	honda civic 1300
352	32.3	4.0	97.0	67.0	2065.0	17.8	81.0	3.0	subaru
353	37.0	4.0	85.0	65.0	1975.0	19.4	81.0	3.0	datsun 210 mpg
354	37.7	4.0	89.0	62.0	2050.0	17.3	81.0	3.0	toyota tercel
355	34.1	4.0	91.0	68.0	1985.0	16.0	81.0	3.0	mazda glc 4
356	34.7	4.0	105.0	63.0	2215.0	14.9	81.0	1.0	plymouth horizon 4
357	34.4	4.0	98.0	65.0	2045.0	16.2	81.0	1.0	ford escort 4w
358	29.9	4.0	98.0	65.0	2380.0	20.7	81.0	1.0	ford escort 2h
359	33.0	4.0	105.0	74.0	2190.0	14.2	81.0	2.0	volkswagen jetta
360	34.5	4.0	100.0		2320.0	15.8	81.0	2.0	renault 18i
361	33.7	4.0	107.0	75.0	2210.0	14.4	81.0	3.0	honda prelude
362	32.4	4.0	108.0	75.0	2350.0	16.8	81.0	3.0	toyota corolla
363	32.9	4.0	119.0	100.0	2615.0	14.8	81.0	3.0	datsun 200sx
364	31.6	4.0	120.0	74.0	2635.0	18.3	81.0	3.0	mazda 626
365	28.1	4.0	141.0	80.0	3230.0	20.4	81.0	2.0	peugeot 505s turbo diesel
366		4.0	121.0	110.0	2800.0	15.4	81.0	2.0	saab 900s
367	30.7	6.0	145.0	76.0	3160.0	19.6	81.0	2.0	volvo diesel
368	25.4	6.0	168.0	116.0	2900.0	12.6	81.0	3.0	toyota cressida
369	24.2	6.0	146.0	120.0	2930.0	13.8	81.0	3.0	datsun 810 maxima
370	22.4	6.0	231.0	110.0	3415.0	15.8	81.0	1.0	buick century
371	26.6	8.0	350.0	105.0	3725.0	19.0	81.0	1.0	oldsmobile cutlass ls
372	20.2	6.0	200.0	88.0	3060.0	17.1	81.0	1.0	ford granada gl
373	17.6	6.0	225.0	85.0	3465.0	16.6	81.0	1.0	chrysler lebaron salon
374	28.0	4.0	112.0	88.0	2605.0	19.6	82.0	1.0	chevrolet cavalier
375	27.0	4.0	112.0	88.0	2640.0	18.6	82.0	1.0	chevrolet cavalier wagon
376	34.0	4.0	112.0	88.0	2395.0	18.0	82.0	1.0	chevrolet cavalier 2-door
377	31.0	4.0	112.0	85.0	2575.0	16.2	82.0	1.0	pontiac j2000 se hatchback
378	29.0	4.0	135.0	84.0	2525.0	16.0	82.0	1.0	dodge aries se
379	27.0	4.0	151.0	90.0	2735.0	18.0	82.0	1.0	pontiac phoenix
380	24.0	4.0	140.0	92.0	2865.0	16.4	82.0	1.0	ford fairmont futura
381	23.0	4.0	151.0		3035.0	20.5	82.0	1.0	amc concord dl
382	36.0	4.0	105.0	74.0	1980.0	15.3	82.0	2.0	volkswagen rabbit l
383	37.0	4.0	91.0	68.0	2025.0	18.2	82.0	3.0	mazda glc custom l
384	31.0	4.0	91.0	68.0	1970.0	17.6	82.0	3.0	mazda glc custom
385	38.0	4.0	105.0	63.0	2125.0	14.7	82.0	1.0	plymouth horizon miser
386	36.0	4.0	98.0	70.0	2125.0	17.3	82.0	1.0	mercury lynx l
387	36.0	4.0	120.0	88.0	2160.0	14.5	82.0	3.0	nissan stanza xe
388	36.0	4.0	107.0	75.0	2205.0	14.5	82.0	3.0	honda accord
389	34.0	4.0	108.0	70.0	2245.0	16.9	82.0	3.0	toyota corolla
390	38.0	4.0	91.0	67.0	1965.0	15.0	82.0	3.0	honda civic
391	32.0	4.0	91.0	67.0	1965.0	15.7	82.0	3.0	honda civic (auto)
392	38.0	4.0	91.0	67.0	1995.0	16.2	82.0	3.0	datsun 310 gx
393	25.0	6.0	181.0	110.0	2945.0	16.4	82.0	1.0	buick century limited
394	38.0	6.0	262.0	85.0	3015.0	17.0	82.0	1.0	oldsmobile cutlass ciera (diesel)
395	26.0	4.0	156.0	92.0	2585.0	14.5	82.0	1.0	chrysler lebaron medallion
396	22.0	6.0	232.0	112.0	2835.0	14.7	82.0	1.0	ford granada l
397	32.0	4.0	144.0	96.0	2665.0	13.9	82.0	3.0	toyota celica gt
398	36.0	4.0	135.0	84.0	2370.0	13.0	82.0	1.0	dodge charger 2.2
399	27.0	4.0	151.0	90.0	2950.0	17.3	82.0	1.0	chevrolet camaro
400	27.0	4.0	140.0	86.0	2790.0	15.6	82.0	1.0	ford mustang gl
401	44.0	4.0	97.0	52.0	2130.0	24.6	82.0	2.0	vw pickup
402	32.0	4.0	135.0	84.0	2295.0	11.6	82.0	1.0	dodge rampage
403	28.0	4.0	120.0	79.0	2625.0	18.6	82.0	1.0	ford ranger
404	31.0	4.0	119.0	82.0	2720.0	19.4	82.0	1.0	chevy s-10
